255 255 255 255 255 255 255 255 255 255 255 255 255 255 255 255
255 255 255   1 255 255 255 255 255 255 255 255 255 255 255 255
255 255 255 255   0 255 255 255 255 255 255 255 255 255 255 255
255 255 255 255   0 255 255 255 255 255 255 255   6   0   0 255
255 255 255   0   3   0 255 255 255   0  22   0 220 250 255 255
255 255   3   0   0   0 141 255   0   0 226   0 255 255 255 255
255 255   0 255   0   0   0 255   0   0   1 255 255 255 255 255
255 255 255 255   0   0   0   0   4 254   0 255 255 255 255 255
255 255 255   0   0   0   0   0   1 255 255 255 255 255 255 255
255 255   0   0   0   0   0   0   0   0   0   0 225 255 255 255
255 181   2 255 255 255 164   0   0   0   0   0 255   0 255 255
255 255   4   2 255 255 255   5   0   0   8 255   0   0 255 255
255 255 255 255 255 255 255 255   0   0 255   0 246 255 255 255
255 255 255 255 255 255 255 255 255   0 255   3 255 255 255 255
255 255 255 255 255 255 255 255 255 255 255 255   0 255 255 255
255 255 255 255 255 255 255 255 255 255 255 255 255 255 255 255
255 255 255 255 255 255 255 255 255 255 255 255 255 255 255 255
255 255 255   1 255 255 255 255 255 255 255 255 255 255 255 255
255 255 255 255   0 255 255 255 255 255 255 255 255 255 255 255
255 255 255 255   0 255 255 255 255 255 255 255   6   0   0 255
255 255 255   0   3   0 255 255 255   0  22   0 220 250 255 255
255 255   3   0   0   0 141 255   0   0 226   0 255 255 255 255
255 255   0 255   0   0   0 255   0   0   1 255 255 255 255 255
255 255 255 255   0   0   0   0   4 254   0 255 255 255 255 255
255 255 255   0   0   0   0   0   1 255 255 255 255 255 255 255
255 255   0   0   0   0   0   0   0   0   0   0 225 255 255 255
255 181   2 255 255 255 164   0   0   0   0   0 255   0 255 255
255 255   4   2 255 255 255   5   0   0   8 255   0   0 255 255
255 255 255 255 255 255 255 255   0   0 255   0 246 255 255 255
255 255 255 255 255 255 255 255 255   0 255   3 255 255 255 255
255 255 255 255 255 255 255 255 255 255 255 255   0 255 255 255
255 255 255 255 255 255 255 255 255 255 255 255 255 255 255 255
255 255 255 255 255 255 255 255 255 255 255 255 255 255 255 255
255 255 255   1 255 255 255 255 255 255 255 255 255 255 255 255
255 255 255 255   0 255 255 255 255 255 255 255 255 255 255 255
255 255 255 255   0 255 255 255 255 255 255 255   6   0   0 255
255 255 255   0   3   0 255 255 255   0  22   0 220 250 255 255
255 255   3   0   0   0 141 255   0   0 226   0 255 255 255 255
255 255   0 255   0   0   0 255   0   0   1 255 255 255 255 255
255 255 255 255   0   0   0   0   4 254   0 255 255 255 255 255
255 255 255   0   0   0   0   0   1 255 255 255 255 255 255 255
255 255   0   0   0   0   0   0   0   0   0   0 225 255 255 255
255 181   2 255 255 255 164   0   0   0   0   0 255   0 255 255
255 255   4   2 255 255 255   5   0   0   8 255   0   0 255 255
255 255 255 255 255 255 255 255   0   0 255   0 246 255 255 255
255 255 255 255 255 255 255 255 255   0 255   3 255 255 255 255
255 255 255 255 255 255 255 255 255 255 255 255   0 255 255 255
255 255 255 255 255 255 255 255 255 255 255 255 255 255 255 255

255 255 214 227 255 255 255 255 255 255 255 255 255 255 255 255
255 255 245 100 252 255 255 255 255 254 217 250 255 255 255 255
255 255 255  50 175 254 255 255 255 218   3  62 243 253 206 251
255 255 255  87  30 228 255 255 255 158 167  14  92 182 106 233
255 255 255 183  11 105 240 231 253  26  14 193  26  51 244 255
255 255 255 248  38  31 101  42 181   0   0  85 180 211 254 255
255 255 255 255  83  33  14  32  59   0   0   3  69 158 255 255
255 255 255 255 231  22  10  35  44   0   5  33  81 197 255 255
255 255 255 254 255 232 168   2  23   0  20 124 206 247 255 255
255 255 255 253 233 106  20   0   0   1  99 255 214 185 255 255
255 255 238 146  10   0   0   0   0   1 219 255 245 212 254 255
255 245  64 129  38   0   3   0   5  12 250 254 255 255 255 255
255 169 195 231  13   8 182 106  48  11 221 134 255 255 255 255
255 252 255 132 170 111  15 251 238 108  85 134 255 255 255 255
255 255 251 222 252 253 127 254 255 246  98 252 255 255 255 255
255 255 246 253 255 255 254 255 255 255 197 247 255 255 255 255
255 255 214 227 255 255 255 255 255 255 255 255 255 255 255 255
255 255 245 100 252 255 255 255 255 254 217 250 255 255 255 255
255 255 255  50 175 254 255 255 255 218   3  62 243 253 206 251
255 255 255  87  30 228 255 255 255 158 167  14  92 182 106 233
255 255 255 183  11 105 240 231 253  26  14 193  26  51 244 255
255 255 255 248  38  31 101  42 181   0   0  85 180 211 254 255
255 255 255 255  83  33  14  32  59   0   0   3  69 158 255 255
255 255 255 255 231  22  10  35  44   0   5  33  81 197 255 255
255 255 255 254 255 232 168   2  23   0  20 124 206 247 255 255
255 255 255 253 233 106  20   0   0   1  99 255 214 185 255 255
255 255 238 146  10   0   0   0   0   1 219 255 245 212 254 255
255 245  64 129  38   0   3   0   5  12 250 254 255 255 255 255
255 169 195 231  13   8 182 106  48  11 221 134 255 255 255 255
255 252 255 132 170 111  15 251 238 108  85 134 255 255 255 255
255 255 251 222 252 253 127 254 255 246  98 252 255 255 255 255
255 255 246 253 255 255 254 255 255 255 197 247 255 255 255 255
255 255 214 227 255 255 255 255 255 255 255 255 255 255 255 255
255 255 245 100 252 255 255 255 255 254 217 250 255 255 255 255
255 255 255  50 175 254 255 255 255 218   3  62 243 253 206 251
255 255 255  87  30 228 255 255 255 158 167  14  92 182 106 233
255 255 255 183  11 105 240 231 253  26  14 193  26  51 244 255
255 255 255 248  38  31 101  42 181   0   0  85 180 211 254 255
255 255 255 255  83  33  14  32  59   0   0   3  69 158 255 255
255 255 255 255 231  22  10  35  44   0   5  33  81 197 255 255
255 255 255 254 255 232 168   2  23   0  20 124 206 247 255 255
255 255 255 253 233 106  20   0   0   1  99 255 214 185 255 255
255 255 238 146  10   0   0   0   0   1 219 255 245 212 254 255
255 245  64 129  38   0   3   0   5  12 250 254 255 255 255 255
255 169 195 231  13   8 182 106  48  11 221 134 255 255 255 255
255 252 255 132 170 111  15 251 238 108  85 134 255 255 255 255
255 255 251 222 252 253 127 254 255 246  98 252 255 255 255 255
255 255 246 253 255 255 254 255 255 255 197 247 255 255 255 255

255 255 251 233 255 255 255 255 255 255 255 255 255 255 255 255
255 255 206 106 244 254 255 255 255 255 254 255 255 255 255 255
255 255 253 182  51 211 158 197 247 185 212 255 255 255 255 255
255 255 243  92  26 180  69  81 206 214 245 255 255 255 255 255
255 250  62  14 193  85   3  33 124 255 255 254 134 134 252 247
255 217   3 167  14   0   0   5  20  99 219 250 221  85  98 197
255 254 218 158  26   0   0   0   0   1   1  12  11 108 246 255
255 255 255 255 253 181  59  44  23   0   0   5  48 238 255 255
255 255 255 255 231  42  32  35   2   0   0   0 106 251 254 255
255 255 255 255 240 101  14  10 168  20   0   3 182  15 127 254
255 255 254 228 105  31  33  22 232 106   0   0   8 111 253 255
255 252 175  30  11  38  83 231 255 233  10  38  13 170 252 255
227 100  50  87 183 248 255 255 254 253 146 129 231 132 222 253
214 245 255 255 255 255 255 255 255 255 238  64 195 255 251 246
255 255 255 255 255 255 255 255 255 255 255 245 169 252 255 255
255 255 255 255 255 255 255 255 255 255 255 255 255 255 255 255
255 255 251 233 255 255 255 255 255 255 255 255 255 255 255 255
255 255 206 106 244 254 255 255 255 255 254 255 255 255 255 255
255 255 253 182  51 211 158 197 247 185 212 255 255 255 255 255
255 255 243  92  26 180  69  81 206 214 245 255 255 255 255 255
255 250  62  14 193  85   3  33 124 255 255 254 134 134 252 247
255 217   3 167  14   0   0   5  20  99 219 250 221  85  98 197
255 254 218 158  26   0   0   0   0   1   1  12  11 108 246 255
255 255 255 255 253 181  59  44  23   0   0   5  48 238 255 255
255 255 255 255 231  42  32  35   2   0   0   0 106 251 254 255
255 255 255 255 240 101  14  10 168  20   0   3 182  15 127 254
255 255 254 228 105  31  33  22 232 106   0   0   8 111 253 255
255 252 175  30  11  38  83 231 255 233  10  38  13 170 252 255
227 100  50  87 183 248 255 255 254 253 146 129 231 132 222 253
214 245 255 255 255 255 255 255 255 255 238  64 195 255 251 246
255 255 255 255 255 255 255 255 255 255 255 245 169 252 255 255
255 255 255 255 255 255 255 255 255 255 255 255 255 255 255 255
255 255 251 233 255 255 255 255 255 255 255 255 255 255 255 255
255 255 206 106 244 254 255 255 255 255 254 255 255 255 255 255
255 255 253 182  51 211 158 197 247 185 212 255 255 255 255 255
255 255 243  92  26 180  69  81 206 214 245 255 255 255 255 255
255 250  62  14 193  85   3  33 124 255 255 254 134 134 252 247
255 217   3 167  14   0   0   5  20  99 219 250 221  85  98 197
255 254 218 158  26   0   0   0   0   1   1  12  11 108 246 255
255 255 255 255 253 181  59  44  23   0   0   5  48 238 255 255
255 255 255 255 231  42  32  35   2   0   0   0 106 251 254 255
255 255 255 255 240 101  14  10 168  20   0   3 182  15 127 254
255 255 254 228 105  31  33  22 232 106   0   0   8 111 253 255
255 252 175  30  11  38  83 231 255 233  10  38  13 170 252 255
227 100  50  87 183 248 255 255 254 253 146 129 231 132 222 253
214 245 255 255 255 255 255 255 255 255 238  64 195 255 251 246
255 255 255 255 255 255 255 255 255 255 255 245 169 252 255 255
255 255 255 255 255 255 255 255 255 255 255 255 255 255 255 255

255 255 255 255 247 197 255 255 255 254 255 255 253 246 255 255
255 255 255 255 252  98 246 255 254 127 253 252 222 251 255 255
255 255 255 255 134  85 108 238 251  15 111 170 132 255 252 255
255 255 255 255 134 221  11  48 106 182   8  13 231 195 169 255
255 255 255 255 254 250  12   5   0   3   0  38 129  64 245 255
255 254 212 245 255 219   1   0   0   0   0  10 146 238 255 255
255 255 185 214 255  99   1   0   0  20 106 233 253 255 255 255
255 255 247 206 124  20   0  23   2 168 232 255 254 255 255 255
255 255 197  81  33   5   0  44  35  10  22 231 255 255 255 255
255 255 158  69   3   0   0  59  32  14  33  83 255 255 255 255
255 254 211 180  85   0   0 181  42 101  31  38 248 255 255 255
255 244  51  26 193  14  26 253 231 240 105  11 183 255 255 255
233 106 182  92  14 167 158 255 255 255 228  30  87 255 255 255
251 206 253 243  62   3 218 255 255 255 254 175  50 255 255 255
255 255 255 255 250 217 254 255 255 255 255 252 100 245 255 255
255 255 255 255 255 255 255 255 255 255 255 255 227 214 255 255
255 255 255 255 247 197 255 255 255 254 255 255 253 246 255 255
255 255 255 255 252  98 246 255 254 127 253 252 222 251 255 255
255 255 255 255 134  85 108 238 251  15 111 170 132 255 252 255
255 255 255 255 134 221  11  48 106 182   8  13 231 195 169 255
255 255 255 255 254 250  12   5   0   3   0  38 129  64 245 255
255 254 212 245 255 219   1   0   0   0   0  10 146 238 255 255
255 255 185 214 255  99   1   0   0  20 106 233 253 255 255 255
255 255 247 206 124  20   0  23   2 168 232 255 254 255 255 255
255 255 197  81  33   5   0  44  35  10  22 231 255 255 255 255
255 255 158  69   3   0   0  59  32  14  33  83 255 255 255 255
255 254 211 180  85   0   0 181  42 101  31  38 248 255 255 255
255 244  51  26 193  14  26 253 231 240 105  11 183 255 255 255
233 106 182  92  14 167 158 255 255 255 228  30  87 255 255 255
251 206 253 243  62   3 218 255 255 255 254 175  50 255 255 255
255 255 255 255 250 217 254 255 255 255 255 252 100 245 255 255
255 255 255 255 255 255 255 255 255 255 255 255 227 214 255 255
255 255 255 255 247 197 255 255 255 254 255 255 253 246 255 255
255 255 255 255 252  98 246 255 254 127 253 252 222 251 255 255
255 255 255 255 134  85 108 238 251  15 111 170 132 255 252 255
255 255 255 255 134 221  11  48 106 182   8  13 231 195 169 255
255 255 255 255 254 250  12   5   0   3   0  38 129  64 245 255
255 254 212 245 255 219   1   0   0   0   0  10 146 238 255 255
255 255 185 214 255  99   1   0   0  20 106 233 253 255 255 255
255 255 247 206 124  20   0  23   2 168 232 255 254 255 255 255
255 255 197  81  33   5   0  44  35  10  22 231 255 255 255 255
255 255 158  69   3   0   0  59  32  14  33  83 255 255 255 255
255 254 211 180  85   0   0 181  42 101  31  38 248 255 255 255
255 244  51  26 193  14  26 253 231 240 105  11 183 255 255 255
233 106 182  92  14 167 158 255 255 255 228  30  87 255 255 255
251 206 253 243  62   3 218 255 255 255 254 175  50 255 255 255
255 255 255 255 250 217 254 255 255 255 255 252 100 245 255 255
255 255 255 255 255 255 255 255 255 255 255 255 227 214 255 255
